word tf tf_idf
îñíîâíûå 0.000458 0.002083
ñâåäåíèÿ 0.000458 0.002083
âåðñèÿ 0.000153 0.000694
äëÿ 0.001222 0.005554
ñëàáîâèäÿùèõ 0.000153 0.000694
ãëàâíàÿ 0.000153 0.000694
ñòðàíèöà 0.000153 0.000694
ñòðóêòóðà 0.000153 0.000694
è 0.003973 0.018051
îðãàíû 0.000153 0.000694
óïðàâëåíèÿ 0.000153 0.000694
îáðàçîâàòåëüíîé 0.003667 0.016662
îðãàíèçàöèåé 0.000153 0.000694
äîêóìåíòû 0.000153 0.000694
îáðàçîâàíèå 0.000153 0.000694
îáðàçîâàòåëüíûå 0.000306 0.001389
ñòàíäàðòû 0.000153 0.000694
òðåáîâàíèÿ 0.000153 0.000694
ðóêîâîäñòâî 0.000153 0.000694
ïåäàãîãè÷åñêèé 0.000917 0.004166
íàó÷íî 0.000153 0.000694
ñîñòàâ 0.000153 0.000694
ìàòåðèàëüíî 0.000153 0.000694
òåõíè÷åñêîå 0.000153 0.000694
îáåñïå÷åíèå 0.000153 0.000694
îñíàùåííîñòü 0.000153 0.000694
îáðàçîâàòåëüíîãî 0.001987 0.009025
ïðîöåññà 0.000153 0.000694
ñòèïåíäèè 0.000153 0.000694
ìåðû 0.000153 0.000694
ïîääåðæêè 0.000153 0.000694
îáó÷àþùèõñÿ 0.000458 0.002083
ïëàòíûå 0.000153 0.000694
óñëóãè 0.000153 0.000694
ôèíàíñîâî 0.000458 0.002083
õîçÿéñòâåííàÿ 0.000153 0.000694
äåÿòåëüíîñòü 0.000153 0.000694
âàêàíòíûå 0.000153 0.000694
ìåñòà 0.001222 0.005554
ïðèåìà 0.000153 0.000694
ïåðåâîäà 0.000153 0.000694
äîñòóïíàÿ 0.000153 0.000694
ñðåäà 0.000153 0.000694
ìåæäóíàðîäíîå 0.000153 0.000694
ñîòðóäíè÷åñòâî 0.000153 0.000694
ïîëíîå 0.000153 0.000694
íàèìåíîâàíèå 0.000458 0.002083
îðãàíèçàöèèôåäåðàëüíîå 0.000153 0.000694
ãîñóäàðñòâåííîå 0.000917 0.004166
àâòîíîìíîå 0.000917 0.004166
îáðàçîâàòåëüíîå 0.000917 0.004166
ó÷ðåæäåíèå 0.00107 0.00486
âûñøåãî 0.002903 0.013191
îáðàçîâàíèÿ 0.003362 0.015274
êàçàíñêèé 0.003209 0.01458
ïðèâîëæñêèé 0.001681 0.007637
ôåäåðàëüíûé 0.001987 0.009025
óíèâåðñèòåò 0.004126 0.018745
ñîêðàùåííîå 0.000153 0.000694
ïðè 0.000306 0.001389
íàëè÷èè 0.000153 0.000694
îðãàíèçàöèèôãàîó 0.000153 0.000694
âî 0.000306 0.001389
ôãàîó 0.000153 0.000694
êôó 0.000306 0.001389
äàòà 0.000153 0.000694
ñîçäàíèÿ 0.000153 0.000694
îðãàíèçàöèè05 0.000153 0.000694
11 0.002292 0.001958
1804 0.000458 0.001579
àäðåñ 0.000458 0.002083
ìåñòîíàõîæäåíèÿ 0.000153 0.000694
îðãàíèçàöèè420008 0.000153 0.000694
ðîññèÿ 0.000306 0.001389
ðåñïóáëèêà 0.070599 0.320752
òàòàðñòàí 0.069224 0.314504
ã 0.073961 0.336026
êàçàíü 0.058221 0.264516
óë 0.071822 0.326306
êðåìëåâñêàÿ 0.001987 0.009025
ä 0.077323 0.3513
18 0.001834 0.000296
êîðï 0.000611 0.002777
1 0.006571 0.003765
ôèëèàëû 0.000153 0.000694
îðãàíèçàöèè 0.000764 0.003471
èìåþòñÿ 0.000306 0.001389
ïðåäñòàâèòåëüñòâà 0.000306 0.001389
ðåæèì 0.000153 0.000694
ãðàôèê 0.000458 0.002083
ðàáîòûäëÿ 0.000153 0.000694
ðàáîòíèêîâ 0.000611 0.002777
óíèâåðñèòåòà 0.000611 0.002777
êðîìå 0.000611 0.002777
ïðîôåññîðñêî 0.001222 0.005554
ïðåïîäàâàòåëüñêîãî 0.001222 0.005554
ñîñòàâà 0.001222 0.005554
ïÿòèäíåâíàÿ 0.000611 0.002777
ðàáî÷àÿ 0.001222 0.005554
íåäåëÿ 0.001222 0.005554
ïîíåäåëüíèê 0.000611 0.002777
ïÿòíèöà 0.000611 0.002777
8 0.002751 0.002565
00 0.002751 0.001525
17 0.001987 0.00142
ñ 0.004737 0.021522
ïåðåðûâîì 0.000611 0.002777
íà 0.00107 0.00486
îáåä 0.000611 0.002777
12 0.001834 0.001434
13 0.003362 0.002872
00ñóááîòà 0.000153 0.000694
âîñêðåñåíüå 0.000611 0.002777
âûõîäíûå 0.000611 0.002777
äíèäëÿ 0.000153 0.000694
øåñòèäíåâíàÿ 0.000611 0.002777
ïðîâåäåíèåì 0.000611 0.002777
çàíÿòèé 0.000764 0.003471
ïî 0.000917 0.004166
ðàñïèñàíèþ 0.000611 0.002777
îäíèì 0.000611 0.002777
âûõîäíûì 0.000611 0.002777
äíåìíà÷àëî 0.000153 0.000694
îêîí÷àíèå 0.000153 0.000694
ó÷åáíûõ 0.000153 0.000694
ÿ 0.001375 0.006248
ïàðà 0.00107 0.00486
30 0.001834 0.001158
10 0.003056 0.001127
2 0.005501 0.002752
40 0.001375 0.002352
ïåðåðûâ 0.000153 0.000694
ìèíóò 0.000306 0.001389
3 0.002445 0.001543
4 0.002598 0.002493
50 0.000764 0.001512
15 0.002139 0.001624
20ïåðåðûâ 0.000153 0.000694
5 0.002292 0.000643
20 0.001987 0.001215
6 0.00107 0.001295
19 0.001528 0.001268
7 0.003209 0.001335
êîíòàêòíûå 0.000306 0.001389
òåëåôîíû 0.000153 0.000694
843 0.000458 0.000841
233 0.000458 0.000907
71 0.000611 0.000398
09 0.000153 0.000151
ñïðàâî÷íàÿ 0.000153 0.000694
74 0.000458 0.001027
ïðèåìíàÿ 0.000153 0.000694
ðåêòîðà 0.000153 0.000694
àäðåñà 0.000153 0.000694
ýëåêòðîííîé 0.000306 0.001389
ïî÷òûpublic 0.000153 0.000694
mail 0.000153 3e-06
kpfu 0.00107 0.001057
ru 0.001375 0.0
èíôîðìàöèÿ 0.001528 0.006943
îá 0.000153 0.000694
ó÷ðåäèòåëå 0.000153 0.000694
ó÷ðåäèòåëÿõ 0.000153 0.000694
ó÷ðåäèòåëÿþðèäè÷åñêèé 0.000153 0.000694
ó÷ðåäèòåëÿ 0.000306 0.001389
òåëåôîíûàäðåñ 0.000153 0.000694
ïî÷òûàäðåñ 0.000153 0.000694
ñàéòà 0.000458 0.002083
â 0.003667 0.016662
ñåòè 0.000458 0.002083
èíòåðíåò 0.000458 0.002083
ìèíèñòåðñòâî 0.000153 0.000694
íàóêè 0.000611 0.002777
ðîññèéñêîé 0.001222 0.005554
ôåäåðàöèè 0.001222 0.005554
125009 0.000153 0.000694
ìîñêâà 0.002139 0.00972
òâåðñêàÿ 0.000611 0.002777
ïî÷òîâûé 0.000153 0.000694
ãñï 0.000153 0.000694
125993 0.000153 0.000694
495 0.000153 0.000109
547 0.000153 0.000694
16 0.001375 0.001175
info 0.000153 0.000113
minobrnauki 0.000306 0.001177
gov 0.000306 0.001177
https 0.000306 0.000187
www 0.000153 0.000448
î 0.001528 0.006943
ôèëèàëàõ 0.000153 0.000694
¹ 0.002292 0.010414
ï 0.001834 0.008331
ïíàèìåíîâàíèå 0.000306 0.001389
ôèëèàëàìåñòî 0.000153 0.000694
íàõîæäåíèÿ 0.000306 0.001389
ôèëèàëà 0.000153 0.000694
îðãàíèçàöèèðåæèì 0.000306 0.001389
ðàáîòûêîíòàêòíûå 0.000306 0.001389
òåëåôîíûýëåêòðîííàÿ 0.000306 0.001389
ïî÷òààäðåñ 0.000306 0.001389
îôèöèàëüíîãî 0.000306 0.001389
íàáåðåæíî÷åëíèíñêèé 0.000153 0.000694
èíñòèòóò 0.000611 0.002777
ôèëèàë 0.000458 0.002083
ôåäåðàëüíîãî 0.000764 0.003471
ãîñóäàðñòâåííîãî 0.001834 0.008331
àâòîíîìíîãî 0.000458 0.002083
ó÷ðåæäåíèÿ 0.001834 0.008331
423812 0.000153 0.000526
íàáåðåæíûå 0.000917 0.004166
×åëíû 0.000917 0.004166
ïðîñïåêò 0.001222 0.005554
ìèðà 0.000306 0.001389
68 0.000764 0.001985
ñóááîòà 0.000458 0.002083
äíè 0.000458 0.002083
äíåì 0.000458 0.002083
8552 0.000153 0.000588
39 0.000611 0.001506
chelny 0.000306 0.001177
http 0.000306 0.000841
åëàáóæñêèé 0.000458 0.002083
423600 0.000153 0.000526
ðîññèéñêàÿ 0.000153 0.000694
ôåäåðàöèÿ 0.000153 0.000694
îêðóã 0.000458 0.002083
åëàáóãà 0.000153 0.000694
êàçàíñêàÿ 0.000306 0.001389
89 0.000306 0.000629
85557 0.000153 0.000588
53 0.000458 0.000687
elabuga 0.000306 0.001177
ãîðîäå 0.000153 0.000694
äæèçàêå 0.000153 0.000694
ðåñïóáëèêè 0.000917 0.004166
óçáåêèñòàí 0.000306 0.001389
130000 0.000153 0.000588
äæèçàê 0.000153 0.000694
ìàõàëëÿ 0.000153 0.000694
äæèçàêëèê 0.000153 0.000694
óëèöà 0.000153 0.000694
øàðàôà 0.000153 0.000694
ðàøèäîâà 0.000153 0.000694
äîì 0.000306 0.001389
295 0.000306 0.001053
292 0.000306 0.000717
69 0.000458 0.001261
77 0.000611 0.001588
mfumarov 0.000153 0.000694
institutes 0.000153 0.000694
dzhizak 0.000153 0.000694
filial 0.000153 0.000694
ïðåäñòàâèòåëüñòâàõ 0.000153 0.000694
ïðåäñòàâèòåëüñòâàìåñòî 0.000153 0.000694
îòñóòñòâóåò 0.000917 0.004166
ìåñòàõ 0.00107 0.00486
îñóùåñòâëåíèÿ 0.001681 0.007637
äåÿòåëüíîñòè 0.001834 0.008331
êîòîðûå 0.000153 0.000694
âêëþ÷àþòñÿ 0.000153 0.000694
ñîîòâåòñòâóþùóþ 0.000153 0.000694
çàïèñü 0.000153 0.000694
ðååñòðå 0.000153 0.000694
ëèöåíçèé 0.000153 0.000694
îñóùåñòâëåíèå 0.000153 0.000694
ïàäðåñ 0.00107 0.00486
420008 0.000306 0.00032
35 0.000458 0.000572
420111 0.006571 0.022635
à 0.000458 0.002083
420021 0.003056 0.010528
ëîáà÷åâñêîãî 0.000458 0.002083
29 0.000917 0.001078
ðàõìàòóëëèíà 0.000306 0.001389
ìóñû 0.000306 0.001389
äæàëèëÿ 0.000306 0.001389
420012 0.001834 0.00706
áóòëåðîâà 0.000764 0.003471
9 0.002139 0.001108
âîëêîâà 0.000306 0.001389
420015 0.003667 0.01412
êàðëà 0.001987 0.009025
ìàðêñà 0.002292 0.010414
43 0.000764 0.001985
ëåâî 0.000917 0.004166
áóëà÷íàÿ 0.000917 0.004166
34 0.000611 0.001434
ì 0.000458 0.002083
ìåæëàóêà 0.000306 0.001389
44 0.000917 0.002054
14 0.001834 0.00176
ìàðòûíà 0.000153 0.000694
45 0.000458 0.000289
420030 0.000153 0.000694
ìîñêîâñêàÿ 0.001222 0.005554
49 0.000917 0.001624
420043 0.00107 0.004118
×åõîâà 0.000153 0.000694
1à 0.000611 0.002777
ïðîåçä 0.000306 0.001389
ïðîôåññîðà 0.000611 0.002777
íóæèíà 0.000458 0.002083
420066 0.002445 0.009414
ïðîñï 0.000153 0.000694
èáðàãèìîâà 0.000611 0.002777
85 0.000306 0.000841
420085 0.000458 0.002083
áåëîìîðñêàÿ 0.000306 0.001389
260 0.000458 0.001765
420097 0.000611 0.002353
òîâàðèùåñêàÿ 0.000153 0.000694
21 0.001375 0.000896
áîëüøàÿ 0.001222 0.005554
êðàñíàÿ 0.001222 0.005554
22 0.001222 0.000956
51 0.000917 0.000636
23 0.000764 0.000563
37 0.000611 0.001588
24 0.001834 0.002034
25 0.000764 0.000712
ïóøêèíà 0.001681 0.007637
55 0.000917 0.000597
26 0.001681 0.00192
27 0.000611 0.000362
420140 0.001528 0.006943
ëîìæèíñêàÿ 0.000306 0.001389
28 0.000764 0.000598
420029 0.001987 0.009025
ñèáèðñêèé 0.000611 0.002777
òðàêò 0.00107 0.00486
31à 0.000458 0.002083
420061 0.000917 0.004166
íèêîëàÿ 0.000611 0.002777
åðøîâà 0.000917 0.004166
420010 0.000153 0.000588
äåðåâíÿ 0.000153 0.000694
óíèâåðñèàäû 0.000153 0.000694
32 0.000611 0.001258
èñïîëüçîâàíèè 0.000153 0.000694
ñåòåâîé 0.000153 0.000694
ôîðìû 0.000153 0.000694
ðåàëèçàöèè 0.000153 0.000694
îáðàçîâàòåëüíûõ 0.000153 0.000694
ïðîãðàìì 0.000153 0.000694
1îòñóòñòâóåò 0.000764 0.003471
ïðîâåäåíèÿ 0.000458 0.002083
ïðàêòèêè 0.000153 0.000694
115172 0.000153 0.000694
êîòåëüíè÷åñêàÿ 0.000153 0.000694
íàáåðåæíàÿ 0.000458 0.002083
33 0.000917 0.002054
450008 0.000153 0.000694
áàøêîðòîñòàí 0.000917 0.004166
óôà 0.000458 0.002083
ëåíèíà 0.001987 0.009025
70 0.000458 0.000626
603086 0.000153 0.000694
íèæíèé 0.000458 0.002083
íîâãîðîä 0.000306 0.001389
êåð÷åíñêàÿ 0.000153 0.000694
115114 0.000153 0.000694
êîæåâíè÷åñêàÿ 0.000153 0.000694
4420061 0.000153 0.000694
í 0.001375 0.006248
26à 0.000611 0.002777
420059 0.000764 0.003471
ïàâëþõèíà 0.000306 0.001389
110â 0.000153 0.000694
êàâè 0.000458 0.002083
íàäæìè 0.000458 0.002083
8à 0.000458 0.002083
63 0.000458 0.000308
420107 0.001834 0.008331
îñòðîâñêîãî 0.000764 0.003471
93 0.000306 0.000841
420100 0.001528 0.006943
ïîáåäû 0.001222 0.005554
141 0.000306 0.001177
420054 0.000764 0.003471
òèõîðåöêàÿ 0.000153 0.000694
420075 0.000611 0.002777
òîïîëåâàÿ 0.000153 0.000694
ìóøòàðè 0.000611 0.002777
420073 0.001222 0.005554
ñåäîâà 0.000153 0.000694
ãîðüêîãî 0.000458 0.002083
äçåðæèíñêîãî 0.000458 0.002083
445351 0.000153 0.000694
ñàìàðñêàÿ 0.000611 0.002777
îáë 0.002445 0.011108
æèãóëåâñê 0.000153 0.000694
ïåñî÷íàÿ 0.000306 0.001389
445143 0.000153 0.000694
ñòàâðîïîëüñêèé 0.000153 0.000694
ðàéîí 0.005501 0.024994
ïîäñòåïêè 0.000153 0.000694
ñîâåòñêàÿ 0.00107 0.00486
ïåòåðáóðãñêàÿ 0.000611 0.002777
îôèñ 0.002292 0.010414
420095 0.001375 0.006248
êóëàõìåòîâà 0.000153 0.000694
ñîëäàòñêàÿ 0.000153 0.000694
ãàáäóëëû 0.000458 0.002083
òóêàÿ 0.000611 0.002777
420032 0.000917 0.004166
øîññåéíàÿ 0.000153 0.000694
22à 0.000306 0.001389
64 0.000458 0.001191
603000 0.000153 0.000694
117 0.000306 0.001053
òîëñòîãî 0.000153 0.000694
14à 0.000611 0.002777
áëîê 0.000153 0.000694
420091 0.000306 0.001389
355000 0.000153 0.000694
ñòàâðîïîëü 0.000153 0.000694
ïð 0.002445 0.011108
êóëàêîâà 0.000153 0.000694
êîð 0.000153 0.000694
31 0.00107 0.001027
48 0.00107 0.000719
ãàëàêòèîíîâà 0.000153 0.000694
298648 0.000153 0.000694
êðûì 0.000306 0.001389
ßëòà 0.000153 0.000694
ñïóñê 0.000306 0.001389
íèêèòñêèé 0.000153 0.000694
52 0.000458 0.000873
429952 0.000153 0.000694
×óâàøñêàÿ 0.000611 0.002777
íîâî÷åáîêñàðñê 0.000153 0.000694
ïðîìûøëåííàÿ 0.000153 0.000694
101 0.000306 0.001053
420124 0.000917 0.004166
ìåðèäèàííàÿ 0.000458 0.002083
36 0.000458 0.000984
þëèóñà 0.000306 0.001389
ôó÷èêà 0.000611 0.002777
90à 0.000153 0.000694
127006 0.000153 0.000694
ñàäîâàÿ 0.000153 0.000694
òðèóìôàëüíàÿ 0.000153 0.000694
38 0.000611 0.001506
423236 0.000153 0.000694
áóãóëüìà 0.000458 0.002083
êë 0.000153 0.000694
âîðîøèëîâà 0.000153 0.000694
423570 0.000611 0.002777
íèæíåêàìñê 0.000764 0.003471
òåððèòîðèÿ 0.000153 0.000694
ïðîìçîíà 0.000153 0.000694
58 0.000764 0.001793
îô 0.000306 0.001389
208 0.000306 0.001177
41 0.000764 0.001712
423816 0.000153 0.000694
øàìèëÿ 0.000611 0.002777
óñìàíîâà 0.000764 0.003471
103 0.000458 0.001345
42 0.000611 0.001588
445024 0.000153 0.000694
òîëüÿòòè 0.000153 0.000694
þæíîå 0.000153 0.000694
øîññå 0.000764 0.003471
çàêèåâà 0.000306 0.001389
143026 0.000153 0.000694
ëóãîâàÿ 0.000153 0.000694
420088 0.000611 0.002777
àÿ 0.000306 0.001389
àçèíñêàÿ 0.000306 0.001389
216 0.000306 0.001053
46 0.000458 0.000289
427620 0.000306 0.001389
ãëàçîâ 0.000306 0.001389
áåëîâà 0.000153 0.000694
47 0.000611 0.001311
420049 0.00107 0.00486
íàçàðáàåâà 0.000611 0.002777
áîíäàðåíêî 0.000458 0.002083
5à 0.000458 0.002083
197374 0.000153 0.000694
ñàíêò 0.000611 0.002777
ïåòåðáóðã 0.000611 0.002777
ñàâóøêèíà 0.000153 0.000694
112 0.000306 0.001177
152070 0.000153 0.000694
ßðîñëàâñêàÿ 0.000153 0.000694
äàíèëîâ 0.000153 0.000694
420141 0.000764 0.003471
ñàëèõà 0.000153 0.000694
áàòûåâà 0.000153 0.000694
628415 0.000153 0.000694
õàíòû 0.000306 0.001389
ìàíñèéñêèé 0.000306 0.001389
àâòîíîìíûé 0.000306 0.001389
þãðà 0.000458 0.002083
ñóðãóò 0.000153 0.000694
ãðèãîðèÿ 0.000153 0.000694
êóêóåâèöêîãî 0.000153 0.000694
54 0.000458 0.000299
òàçè 0.000153 0.000694
ãèççàòà 0.000153 0.000694
202 0.000458 0.001579
öåíòðàëüíàÿ 0.000458 0.002083
56 0.000458 0.000687
461040 0.000153 0.000694
îðåíáóðãñêàÿ 0.000153 0.000694
áóçóëóê 0.000153 0.000694
ìàãèñòðàëüíàÿ 0.000306 0.001389
57 0.000458 0.00113
192102 0.000153 0.000694
221 0.000306 0.000965
ëóêíèöêîãî 0.000153 0.000694
1019 0.000153 0.000694
59 0.000764 0.001573
ãàðàæíàÿ 0.000153 0.000694
60 0.000764 0.000396
îðåíáóðãñêèé 0.000458 0.002083
61 0.000458 0.001191
äåëîâàÿ 0.000153 0.000694
62 0.000306 0.000753
115184 0.000153 0.000694
ïÿòíèöêàÿ 0.000153 0.000694
65 0.000153 0.000106
354349 0.000153 0.000694
êðàñíîäàðñêèé 0.000153 0.000694
êðàé 0.000306 0.001389
ñî÷è 0.000153 0.000694
áóëüâàð 0.000306 0.001389
íàäåæä 0.000153 0.000694
66 0.000458 0.001076
190000 0.000153 0.000694
ðåêè 0.000153 0.000694
ìîéêè 0.000153 0.000694
75 0.000458 0.000687
79 0.000458 0.001345
67 0.000306 0.000199
628309 0.000153 0.000694
òþìåíñêàÿ 0.000306 0.001389
îáëàñòü 0.000153 0.000694
íåôòåþãàíñê 0.000153 0.000694
420033 0.000306 0.001389
îêîëüíàÿ 0.000153 0.000694
ñòðîèòåëåé 0.000306 0.001389
425000 0.000153 0.000694
ìàðèé 0.000306 0.001389
ýë 0.000306 0.001389
âîëæñê 0.000306 0.001389
ó÷èòåëüñêàÿ 0.000153 0.000694
425023 0.000153 0.000694
íóðëàòñêèé 0.000153 0.000694
ñåëåíãóøè 0.000153 0.000694
ãàãàðèíà 0.000611 0.002777
72 0.000306 0.000717
422253 0.000153 0.000694
áàëòàñèíñêèé 0.000306 0.001389
íîðìà 0.000153 0.000694
73 0.000458 0.000984
422624 0.000153 0.000694
ëàèøåâñêèé 0.000458 0.002083
ñòîëáèùè 0.000153 0.000694
øêîëüíàÿ 0.000306 0.001389
422735 0.000153 0.000694
âûñîêîãîðñêèé 0.000306 0.001389
ßìàøóðìà 0.000153 0.000694
422031 0.000306 0.001389
àðñêèé 0.000306 0.001389
íîâûé 0.000458 0.002083
êèíåð 0.000153 0.000694
76 0.000153 0.000342
422980 0.000306 0.001389
×èñòîïîëüñêèé 0.000153 0.000694
ïîñ 0.002139 0.00972
þëäóç 0.000153 0.000694
ïîëåâàÿ 0.000153 0.000694
423740 0.000153 0.000694
àêòàíûøñêèé 0.000306 0.001389
àêòàíûø 0.000153 0.000694
àýðîïîðòîâñêàÿ 0.000153 0.000694
3à 0.000917 0.004166
78 0.000458 0.000784
452750 0.000153 0.000694
òóéìàçû 0.000306 0.001389
ëåò 0.000458 0.002083
îêòÿáðÿ 0.000458 0.002083
9â 0.000153 0.000694
423450 0.000764 0.003471
àëüìåòüåâñê 0.000917 0.004166
80 0.000458 0.00028
422550 0.000153 0.000694
çåëåíîäîëüñê 0.000611 0.002777
ê 0.000764 0.003471
81 0.000153 0.00042
82 0.000153 0.000448
×èñòîïîëü 0.000153 0.000694
83 0.000153 0.000526
7à 0.000306 0.001389
84 0.000306 0.000965
188300 0.000153 0.000694
ëåíèíãðàäñêàÿ 0.000306 0.001389
ãàò÷èíà 0.000153 0.000694
ìêð 0.000153 0.000694
îðëîâà 0.000153 0.000694
ðîùà 0.000153 0.000694
141980 0.000153 0.000694
äóáíà 0.000153 0.000694
æîëèî 0.000153 0.000694
êþðè 0.000153 0.000694
86 0.000306 0.000841
422537 0.000153 0.000694
çåëåíîäîëüñêèé 0.000611 0.002777
ðàèôà 0.000153 0.000694
87 0.000153 0.000526
198504 0.000153 0.000694
óíèâåðñèòåòñêèé 0.000153 0.000694
88 0.000153 0.000109
420034 0.001222 0.005554
ãîðñîâåòñêàÿ 0.000153 0.000694
34à 0.000306 0.001389
90 0.000306 0.000656
ãàçîâàÿ 0.000153 0.000694
91 0.000153 0.0001
420101 0.000764 0.003471
õóñàèíà 0.000306 0.001389
ìàâëþòîâà 0.000306 0.001389
92 0.000306 0.000965
êðàñíîñåëüñêàÿ 0.000306 0.001389
94 0.000153 0.000377
95 0.000153 0.000482
423300 0.000153 0.000694
àçíàêàåâî 0.000153 0.000694
96 0.000153 0.000526
97 0.000153 0.000448
á 0.000306 0.001389
98 0.000153 0.00042
420094 0.000611 0.002777
êîðîëåíêî 0.000458 0.002083
99 0.000153 0.000448
òåàòðàëüíàÿ 0.000153 0.000694
100 0.000306 0.000132
äåêàáðèñòîâ 0.000917 0.004166
81à 0.000153 0.000694
422110 0.000153 0.000694
êóêìîð 0.000153 0.000694
102 0.000153 0.000526
420022 0.000306 0.001389
ñïàðòàêîâñêàÿ 0.000306 0.001389
423872 0.000153 0.000694
òóêàåâñêèé 0.000153 0.000694
ð 0.001528 0.006943
ãàéíóëëèíà 0.000153 0.000694
104 0.000153 0.000526
24à 0.000306 0.001389
105 0.000153 0.000482
420044 0.001222 0.005554
âîññòàíèÿ 0.000917 0.004166
32à 0.000153 0.000694
106 0.000153 0.000526
àäåëÿ 0.000458 0.002083
êóòóÿ 0.000764 0.003471
2à 0.00107 0.00486
107 0.000306 0.000841
ëóøíèêîâà 0.000153 0.000694
11à 0.000764 0.003471
108 0.000306 0.000965
420104 0.000153 0.000694
áðàòüåâ 0.000611 0.002777
êàñèìîâûõ 0.000611 0.002777
109 0.000153 0.000526
420139 0.000917 0.004166
ñàôèóëëèíà 0.000458 0.002083
110 0.000153 0.000526
420136 0.000153 0.000694
ìóñèíà 0.000611 0.002777
74à 0.000306 0.001389
111 0.000153 0.000448
420133 0.000458 0.002083
ëàâðåíòüåâà 0.000458 0.002083
28à 0.000458 0.002083
17à 0.000153 0.000694
113 0.000153 0.000526
423520 0.000306 0.001389
çàèíñê 0.000306 0.001389
114 0.000306 0.001053
ñîôüè 0.000153 0.000694
ïåðîâñêîé 0.000153 0.000694
150à 0.000153 0.000694
115 0.000153 0.000397
423241 0.000153 0.000694
ãîãîëÿ 0.000306 0.001389
116 0.000153 0.000482
420103 0.000458 0.002083
òèí÷óðèíà 0.000153 0.000694
118 0.000153 0.000526
18à 0.000153 0.000694
119 0.000153 0.000482
âîëãîãðàäñêàÿ 0.000764 0.003471
120 0.000153 0.000526
àêàäåìèêà 0.00107 0.00486
ñàõàðîâà 0.000306 0.001389
121 0.000306 0.000965
420127 0.000306 0.001389
ãîäîâèêîâà 0.000153 0.000694
122 0.000153 0.000526
123 0.000153 0.000482
àáñàëÿìîâà 0.000306 0.001389
29à 0.000306 0.001389
124 0.000153 0.000588
420047 0.000306 0.001389
áèãèåâà 0.000153 0.000694
125 0.000153 0.000482
ìèñëàâñêîãî 0.000153 0.000694
126 0.000306 0.001177
127 0.000153 0.000526
128 0.000306 0.001177
ìèíñêàÿ 0.000458 0.002083
129 0.000153 0.000588
ïîïîâà 0.000458 0.002083
130 0.000153 0.000526
ãàáèøåâà 0.000153 0.000694
131 0.000153 0.000588
420037 0.000917 0.004166
ñèìîíîâà 0.000611 0.002777
132 0.000153 0.000526
êóëàãèíà 0.000306 0.001389
133 0.000153 0.000526
420076 0.000153 0.000694
àéðàòà 0.000153 0.000694
àðñëàíîâà 0.000153 0.000694
134 0.000153 0.000588
àä 0.000306 0.001389
135 0.000153 0.000526
136 0.000153 0.000588
420126 0.001375 0.006248
×åòàåâà 0.000611 0.002777
137 0.000153 0.000526
89à 0.000153 0.000694
138 0.000153 0.000526
420098 0.000153 0.000694
ãðàíè÷íàÿ 0.000153 0.000694
139 0.000153 0.000526
äðóæáû 0.000153 0.000694
140 0.000153 0.000342
37à 0.000306 0.001389
420102 0.000153 0.000694
áàðóäè 0.000153 0.000694
142 0.000153 0.000588
àäîðàòñêîãî 0.000917 0.004166
25à 0.000611 0.002777
143 0.000153 0.000342
420004 0.000306 0.001389
ãîðüêîâñêîå 0.000306 0.001389
144 0.000153 0.000588
145 0.000153 0.000588
146 0.000153 0.000526
õàëåçîâà 0.000153 0.000694
147 0.000153 0.000588
148 0.000153 0.000588
420087 0.00107 0.00486
ëàòûøñêèõ 0.000306 0.001389
ñòðåëêîâ 0.000306 0.001389
149 0.000153 0.000526
150 0.000153 0.000377
151 0.000306 0.001177
423827 0.000306 0.001389
àâòîçàâîäñêèé 0.000306 0.001389
152 0.000306 0.001053
óíèâåðñèòåòñêàÿ 0.000153 0.000694
153 0.000153 0.000588
163à 0.000153 0.000694
154 0.000153 0.000588
155 0.000153 0.000588
115551 0.000153 0.000694
øèïèëîâñêèé 0.000153 0.000694
156 0.000306 0.001053
àêàäåìè÷åñêàÿ 0.000153 0.000694
157 0.000153 0.000526
115035 0.000153 0.000694
ñàäîâíè÷åñêàÿ 0.000153 0.000694
íàá 0.000153 0.000694
ñòð 0.000458 0.002083
158 0.000153 0.000526
âèøíåâñêîãî 0.000458 0.002083
159 0.000153 0.000588
420000 0.000306 0.001389
160 0.000153 0.000526
161 0.000153 0.000588
âîñõîä 0.000153 0.000694
13à 0.000458 0.002083
162 0.000153 0.000588
422650 0.000458 0.002083
ðûáíî 0.000306 0.001389
ñëîáîäñêèé 0.000306 0.001389
ðûáíàÿ 0.000458 0.002083
ñëîáîäà 0.000458 0.002083
îêòÿáðüñêàÿ 0.000458 0.002083
163 0.000153 0.000588
428018 0.000153 0.000694
×åáîêñàðû 0.000458 0.002083
àôàíàñüåâà 0.000153 0.000694
164 0.000153 0.000588
ôàõðåòäèíà 0.000153 0.000694
165 0.000153 0.000526
423040 0.000153 0.000694
íóðëàò 0.000153 0.000694
166 0.000153 0.000588
423464 0.000153 0.000694
òóõâàòóëëèíà 0.000153 0.000694
167 0.000153 0.000588
×èñòîïîëüñêàÿ 0.000306 0.001389
61à 0.000153 0.000694
168 0.000153 0.000526
àìèíîâà 0.000153 0.000694
9à 0.000153 0.000694
169 0.000153 0.000588
423930 0.000153 0.000694
áàâëû 0.000153 0.000694
ýíãåëüñà 0.000153 0.000694
170 0.000153 0.000526
171 0.000153 0.000588
172 0.000153 0.000588
ôàòûõà 0.000153 0.000694
àìèðõàíà 0.000306 0.001389
173 0.000153 0.000526
174 0.000153 0.000588
äîñòîåâñêîãî 0.000306 0.001389
175 0.000153 0.000526
109052 0.000153 0.000694
ñìèðíîâñêàÿ 0.000153 0.000694
176 0.000153 0.000526
119048 0.000153 0.000694
ðåâîëþöèîííàÿ 0.000153 0.000694
177 0.000153 0.000482
178 0.000153 0.000526
628486 0.000153 0.000694
êîãàëûì 0.000153 0.000694
ïðèáàëòèéñêàÿ 0.000153 0.000694
179 0.000153 0.000526
180 0.000153 0.000482
181 0.000153 0.000526
422610 0.000153 0.000694
óñàäû 0.000153 0.000694
ëàñêîâàÿ 0.000153 0.000694
182 0.000153 0.000588
184511 0.000153 0.000694
ìóðìàíñêàÿ 0.000153 0.000694
ìîí÷åãîðñê 0.000153 0.000694
êîìñîìîëüñêàÿ 0.000306 0.001389
23à 0.000153 0.000694
183 0.000153 0.000526
184 0.000153 0.000588
422062 0.000153 0.000694
ñàáèíñêèé 0.000458 0.002083
ëåñõîç 0.000153 0.000694
êóêìîðñêàÿ 0.000153 0.000694
185 0.000153 0.000588
186 0.000153 0.000588
187 0.000153 0.000588
188 0.000153 0.000526
420006 0.000458 0.002083
ðàõèìîâà 0.000153 0.000694
405 0.000306 0.001177
189 0.000153 0.000588
99à 0.000153 0.000694
190 0.000153 0.000588
191 0.000153 0.000588
çîðãå 0.000458 0.002083
192 0.000153 0.000588
41à 0.000306 0.001389
193 0.000153 0.000526
1002 0.000153 0.000694
194 0.000153 0.000588
ãàñòåëëî 0.000153 0.000694
195 0.000153 0.000588
196 0.000153 0.000526
420039 0.00107 0.00486
197 0.000153 0.000526
141014 0.000153 0.000694
ìûòèùè 0.000153 0.000694
îñòàøêîâñêîå 0.000153 0.000694
198 0.000153 0.000526
êàá 0.000153 0.000694
319 0.000306 0.001177
199 0.000153 0.000588
420013 0.000306 0.001389
áàóìàíà 0.000306 0.001389
200 0.000153 0.000359
201 0.000153 0.00042
123112 0.000153 0.000694
ïðåñíåíñêàÿ 0.000153 0.000694
428032 0.000153 0.000694
ïðåçèäåíòñêèé 0.000153 0.000694
203 0.000153 0.000588
156000 0.000153 0.000694
êîñòðîìà 0.000153 0.000694
òåêñòèëüùèêîâ 0.000153 0.000694
204 0.000153 0.000526
êàþìà 0.000153 0.000694
íàñûðè 0.000153 0.000694
205 0.000153 0.000526
660077 0.000153 0.000694
êðàñíîÿðñê 0.000153 0.000694
é 0.000153 0.000694
äîáðîâîëü÷åñêîé 0.000153 0.000694
áðèãàäû 0.000153 0.000694
206 0.000153 0.000359
423823 0.000153 0.000694
×óëìàí 0.000153 0.000694
207 0.000153 0.000526
125171 0.000153 0.000694
ëåíèíãðàäñêîå 0.000153 0.000694
16à 0.000306 0.001389
209 0.000153 0.000526
ßìàøåâà 0.000611 0.002777
57à 0.000153 0.000694
210 0.000153 0.000482
ïîäëóæíàÿ 0.000153 0.000694
211 0.000153 0.000526
èñàåâà 0.000153 0.000694
212 0.000153 0.000482
àéäàðîâà 0.000153 0.000694
213 0.000153 0.000482
628600 0.000153 0.000694
õìàî 0.000153 0.000694
íèæíåâàðòîâñê 0.000153 0.000694
214 0.000153 0.000588
øèííèêîâ 0.000153 0.000694
215 0.000153 0.000526
ñîëîâåöêèõ 0.000306 0.001389
þíã 0.000306 0.001389
420108 0.000458 0.002083
217 0.000153 0.000588
218 0.000153 0.000315
219 0.000153 0.000526
423730 0.000153 0.000694
äåð 0.000153 0.000694
àíÿêîâî 0.000153 0.000694
íåôòÿíèêîâ 0.000153 0.000694
220 0.000153 0.000482
224 0.000306 0.001053
ñàôüÿí 0.000306 0.001389
222 0.000153 0.000588
420138 0.000917 0.004166
äóáðàâíàÿ 0.000611 0.002777
223 0.000153 0.000588
224030 0.000153 0.000694
áåëàðóñü 0.000153 0.000694
áðåñò 0.000153 0.000694
225 0.000153 0.000588
ãîëóáÿòíèêîâà 0.000306 0.001389
226 0.000153 0.000482
307 0.000306 0.001053
227 0.000153 0.000526
228 0.000153 0.000588
422530 0.000153 0.000694
âàñèëüåâî 0.000153 0.000694
ñâîáîäû 0.000306 0.001389
229 0.000153 0.000482
230 0.000153 0.000526
231 0.000153 0.000588
çä 0.000153 0.000694
232 0.000153 0.000588
234 0.000153 0.000526
450006 0.000153 0.000694
öþðóïû 0.000153 0.000694
235 0.000153 0.000588
çàðÿ 0.000153 0.000694
236 0.000153 0.000526
êàòàíîâñêèé 0.000153 0.000694
ïåðåóëîê 0.000153 0.000694
237 0.000153 0.000588
åíèñåéñêàÿ 0.000153 0.000694
238 0.000153 0.000448
239 0.000306 0.001053
240 0.000153 0.000588
241 0.000153 0.000588
242 0.000153 0.000588
422840 0.000153 0.000694
ñïàññêèé 0.000153 0.000694
áîëãàð 0.000153 0.000694
243 0.000153 0.000588
617742 0.000153 0.000694
ïåðìñêèé 0.000153 0.000694
ïðèêàìñêèé 0.000153 0.000694
ñîëíå÷íàÿ 0.000153 0.000694
244 0.000153 0.000526
422545 0.000306 0.001389
æóêîâà 0.000153 0.000694
245 0.000153 0.000482
422060 0.000153 0.000694
áîãàòûå 0.000153 0.000694
ñàáû 0.000153 0.000694
êîë 0.000153 0.000694
ãàëè 0.000306 0.001389
246 0.000153 0.000588
422737 0.000153 0.000694
áèðþëèíñêîãî 0.000153 0.000694
çâåðîñîâõîçà 0.000153 0.000694
èíòåðíàöèîíàëèñòîâ 0.000153 0.000694
247 0.000153 0.000588
612994 0.000153 0.000694
êèðîâñêàÿ 0.000306 0.001389
âÿòñêîïîëÿíñêèé 0.000153 0.000694
ñîñíîâêà 0.000153 0.000694
248 0.000153 0.000526
423230 0.000153 0.000694
249 0.000153 0.000588
422622 0.000153 0.000694
ñîêóðû 0.000153 0.000694
äåðæàâèíà 0.000153 0.000694
250 0.000153 0.000482
423350 0.000153 0.000694
ñàðìàíîâñêèé 0.000153 0.000694
ñàðìàíîâî 0.000153 0.000694
òåðåøêîâîé 0.000153 0.000694
251 0.000153 0.000588
456205 0.000153 0.000694
×åëÿáèíñêàÿ 0.000153 0.000694
çëàòîóñò 0.000153 0.000694
èì 0.000153 0.000694
àíîñîâà 0.000153 0.000694
252 0.000153 0.000588
422050 0.000153 0.000694
øåìîðäàí 0.000153 0.000694
ô 0.000306 0.001389
êàðèìà 0.000153 0.000694
253 0.000153 0.000526
422321 0.000153 0.000694
êàéáèöêèé 0.000153 0.000694
ôåäîðîâñêîå 0.000153 0.000694
òóòàåâà 0.000153 0.000694
254 0.000153 0.000588
422255 0.000153 0.000694
áóðáàø 0.000153 0.000694
øàêèðîâà 0.000153 0.000694
255 0.000153 0.000526
629350 0.000153 0.000694
ßìàëî 0.000153 0.000694
íåíåöêèé 0.000153 0.000694
àî 0.000153 0.000694
òàçîâñêèé 0.000153 0.000694
çàïîëÿðüå 0.000153 0.000694
256 0.000153 0.000526
423252 0.000153 0.000694
ëåíèíîãîðñê 0.000153 0.000694
ñàäðèåâà 0.000153 0.000694
51à 0.000153 0.000694
257 0.000153 0.000588
422527 0.000306 0.001389
îñèíîâî 0.000306 0.001389
ãàãàðèèíà 0.000153 0.000694
258 0.000153 0.000588
422743 0.000153 0.000694
àòíèíñêèé 0.000306 0.001389
íèæíÿÿ 0.000153 0.000694
áåðåñêå 0.000153 0.000694
259 0.000153 0.000588
ñïîðòèâíàÿ 0.000153 0.000694
21à 0.000306 0.001389
422879 0.000153 0.000694
àëüêååâñêèé 0.000153 0.000694
×óâàøñêîå 0.000153 0.000694
áóðíàåâî 0.000153 0.000694
261 0.000153 0.000588
êèíåðü 0.000153 0.000694
262 0.000153 0.000526
422123 0.000153 0.000694
êóêìîðñêèé 0.000153 0.000694
íûðüÿ 0.000153 0.000694
263 0.000153 0.000526
264 0.000153 0.000526
265 0.000153 0.000588
äàóðñêàÿ 0.000306 0.001389
266 0.000153 0.000526
298409 0.000153 0.000694
áàõ÷èñàðàéñêèé 0.000153 0.000694
îí 0.000153 0.000694
íàó÷íûé 0.000153 0.000694
ôãáóí 0.000153 0.000694
êðûìñêàÿ 0.000153 0.000694
àñòðîôèçè÷åñêàÿ 0.000306 0.001389
îáñåðâàòîðèÿ 0.000306 0.001389
ðàí 0.000306 0.001389
267 0.000153 0.000588
369167 0.000153 0.000694
êàðà÷àåâî 0.000153 0.000694
×åðêåññêàÿ 0.000153 0.000694
çåëåí÷óêñêèé 0.000153 0.000694
àðõûç 0.000153 0.000694
ñïåöèàëüíàÿ 0.000153 0.000694
268 0.000153 0.000588
269 0.000153 0.000588
420080 0.000764 0.003471
20à 0.000764 0.003471
270 0.000153 0.000526
ïîðòîâàÿ 0.000153 0.000694
271 0.000153 0.000588
420064 0.000458 0.002083
272 0.000153 0.000526
âëàäèìèðà 0.000153 0.000694
273 0.000153 0.000526
274 0.000153 0.000482
åíèêè 0.000153 0.000694
275 0.000153 0.000588
142290 0.000153 0.000694
ïóùèíî 0.000153 0.000694
èíñòèòóòñêàÿ 0.000153 0.000694
276 0.000153 0.000588
ãëàäèëîâà 0.000306 0.001389
277 0.000153 0.000526
422002 0.000153 0.000694
àðñê 0.000153 0.000694
âàãèçîâûõ 0.000153 0.000694
278 0.000153 0.000526
117312 0.000153 0.000694
ãóáêèíà 0.000153 0.000694
279 0.000153 0.000526
280 0.000153 0.000588
281 0.000153 0.000588
282 0.000153 0.000588
420096 0.000153 0.000694
ëåñíàÿ 0.000153 0.000694
283 0.000153 0.000588
àãðîíîìè÷åñêàÿ 0.000458 0.002083
284 0.000153 0.000588
285 0.000153 0.000526
286 0.000153 0.000588
ëóêèíà 0.000153 0.000694
48æ 0.000153 0.000694
287 0.000153 0.000448
420071 0.000306 0.001389
ïàðêîâàÿ 0.000306 0.001389
27à 0.000458 0.002083
288 0.000153 0.000588
289 0.000153 0.000588
øèãàáóòäèíà 0.000153 0.000694
ìàðäæàíè 0.000153 0.000694
290 0.000153 0.000588
426001 0.000153 0.000694
óäìóðòèÿ 0.000153 0.000694
èæåâñê 0.000153 0.000694
òàòüÿíû 0.000153 0.000694
áàðàìçèíîé 0.000153 0.000694
291 0.000153 0.000526
420025 0.000306 0.001389
äæàóäàòà 0.000153 0.000694
ôàéçè 0.000153 0.000694
ãóäîâàíöåâà 0.000153 0.000694
41á 0.000153 0.000694
293 0.000153 0.000526
294 0.000153 0.000526
425005 0.000153 0.000694
íîâàÿ 0.000153 0.000694
êóë 0.000153 0.000694
296 0.000153 0.000482
420055 0.000306 0.001389
6à 0.000306 0.001389
297 0.000153 0.000588
êàìàÿ 0.000153 0.000694
298 0.000153 0.000588
299 0.000153 0.000588
300 0.000153 0.000328
301 0.000153 0.000526
302 0.000153 0.000526
420014 0.000306 0.001389
êðåìëü 0.000153 0.000694
303 0.000153 0.000482
èïïîäðîìíàÿ 0.000153 0.000694
304 0.000153 0.000526
ïàðèæñêîé 0.000153 0.000694
êîììóíû 0.000153 0.000694
305 0.000153 0.000526
306 0.000153 0.000588
308 0.000153 0.000588
309 0.000153 0.000526
310 0.000153 0.000588
311 0.000153 0.000526
420060 0.000458 0.002083
312 0.000153 0.000482
313 0.000153 0.000482
314 0.000153 0.000526
ìàðòà 0.000306 0.001389
315 0.000153 0.000588
316 0.000153 0.000526
317 0.000153 0.000482
422080 0.000153 0.000694
òþëÿ÷èíñêèé 0.000153 0.000694
òþëÿ÷è 0.000153 0.000694
íàãîðíàÿ 0.000153 0.000694
318 0.000153 0.000588
320 0.000153 0.000588
321 0.000153 0.000526
322 0.000153 0.000526
323 0.000153 0.000588
324 0.000153 0.000588
325 0.000153 0.000588
íîâî 0.000306 0.001389
326 0.000153 0.000526
423805 0.000153 0.000694
õàñàíà 0.000153 0.000694
òóôàíà 0.000153 0.000694
327 0.000153 0.000526
ãàëèàñêàðà 0.000153 0.000694
êàìàëà 0.000153 0.000694
328 0.000153 0.000588
422470 0.000153 0.000694
äðîææàíîâñêèé 0.000153 0.000694
ñòàðîå 0.000153 0.000694
äðîææàíîå 0.000153 0.000694
329 0.000153 0.000588
52à 0.000153 0.000694
330 0.000153 0.000588
420011 0.000153 0.000694
331 0.000153 0.000588
332 0.000153 0.000526
ëåñãàôòà 0.000153 0.000694
333 0.000153 0.000482
334 0.000153 0.000588
335 0.000153 0.000482
336 0.000153 0.000526
337 0.000153 0.000526
êîñìîíàâòîâ 0.000153 0.000694
338 0.000153 0.000588
339 0.000153 0.000526
340 0.000153 0.000588
432063 0.000153 0.000694
óëüÿíîâñêàÿ 0.000153 0.000694
óëüÿíîâñê 0.000153 0.000694
ñîáîðíàÿ 0.000153 0.000694
341 0.000153 0.000526
342 0.000153 0.000588
343 0.000153 0.000588
344 0.000153 0.000588
170034 0.000153 0.000694
òâåðü 0.000153 0.000694
äàðâèíà 0.000153 0.000694
345 0.000153 0.000526
443010 0.000153 0.000694
ñàìàðà 0.000153 0.000694
×àïàåâñêàÿ 0.000153 0.000694
346 0.000153 0.000588
347 0.000153 0.000588
105005 0.000153 0.000694
òåõíè÷åñêèé 0.000153 0.000694
ïåð 0.000306 0.001389
348 0.000153 0.000588
ïë 0.000153 0.000694
349 0.000153 0.000588
ßõèíà 0.000153 0.000694
350 0.000306 0.000965
351 0.000153 0.000588
352 0.000153 0.000588
353 0.000153 0.000526
354 0.000153 0.000588
355 0.000153 0.000588
612960 0.000153 0.000694
âÿòñêèå 0.000153 0.000694
ïîëÿíû 0.000153 0.000694
ïåðâîìàéñêàÿ 0.000153 0.000694
356 0.000153 0.000588
357 0.000153 0.000588
358 0.000153 0.000588
ãëóøêî 0.000611 0.002777
359 0.000153 0.000588
212á 0.000153 0.000694
360 0.000153 0.000588
ãàôóðè 0.000153 0.000694
361 0.000153 0.000588
àê 0.000306 0.001389
22ä 0.000153 0.000694
362 0.000153 0.000588
180à 0.000153 0.000694
363 0.000153 0.000588
364 0.000153 0.000526
365 0.000153 0.000588
êèðïè÷íàÿ 0.000153 0.000694
366 0.000153 0.000588
367 0.000153 0.000588
420036 0.000611 0.002777
òýöåâñêàÿ 0.000153 0.000694
2â 0.000153 0.000694
368 0.000153 0.000588
àíäðåÿ 0.000153 0.000694
àäî 0.000153 0.000694
369 0.000153 0.000588
þòàçèíñêàÿ 0.000153 0.000694
370 0.000153 0.000588
371 0.000153 0.000588
420057 0.000306 0.001389
âîðîâñêîãî 0.000153 0.000694
19à 0.000153 0.000694
372 0.000153 0.000588
421001 0.000153 0.000694
íèãìàòóëëèíà 0.000153 0.000694
373 0.000153 0.000588
êèðïè÷íèêîâà 0.000153 0.000694
374 0.000153 0.000526
ëåíñêàÿ 0.000153 0.000694
375 0.000153 0.000588
154à 0.000153 0.000694
376 0.000153 0.000588
377 0.000153 0.000482
ø 0.000153 0.000694
378 0.000153 0.000588
êàðáûøåâà 0.000306 0.001389
379 0.000153 0.000588
4à 0.000458 0.002083
380 0.000153 0.000588
êóð÷àòîâà 0.000153 0.000694
10à 0.000458 0.002083
381 0.000153 0.000588
áîòàíè÷åñêàÿ 0.000153 0.000694
15à 0.000153 0.000694
382 0.000153 0.000588
ñîñíîâàÿ 0.000153 0.000694
383 0.000153 0.000588
ñûðòëàíîâîé 0.000306 0.001389
384 0.000153 0.000588
420137 0.000458 0.002083
385 0.000153 0.000588
×èøìÿëå 0.000611 0.002777
386 0.000153 0.000588
387 0.000153 0.000588
452755 0.000153 0.000694
òóéìàçèíñêèé 0.000153 0.000694
×àïàåâà 0.000153 0.000694
4á 0.000153 0.000694
388 0.000153 0.000588
453020 0.000153 0.000694
êàðìàñêàëèíñêèé 0.000153 0.000694
êàðìàñêàëû 0.000153 0.000694
êèðîâà 0.000153 0.000694
389 0.000153 0.000588
422826 0.000153 0.000694
êàìñêî 0.000153 0.000694
óñòüèíñêèé 0.000153 0.000694
êóéáûøåâñêèé 0.000153 0.000694
çàòîí 0.000153 0.000694
390 0.000153 0.000588
428010 0.000153 0.000694
êóòóçîâà 0.000153 0.000694
391 0.000153 0.000588
392 0.000153 0.000588
393 0.000153 0.000588
õèìèêîâ 0.000306 0.001389
394 0.000153 0.000482
395 0.000153 0.000588
396 0.000153 0.000526
70à 0.000153 0.000694
397 0.000153 0.000526
422750 0.000153 0.000694
àòíÿ 0.000153 0.000694
398 0.000153 0.000526
399 0.000153 0.000526
êîìàðîâà 0.000153 0.000694
400 0.000153 0.000377
401 0.000153 0.000588
402 0.000153 0.000526
403 0.000153 0.000482
êîëëåêòèâíàÿ 0.000153 0.000694
404 0.000153 0.000588
422551 0.000153 0.000694
ñòîëè÷íàÿ 0.000153 0.000694
2á 0.000153 0.000694
êîðîëåâà 0.000153 0.000694
406 0.000153 0.000588
407 0.000153 0.000588
êò 0.000611 0.002777
408 0.000153 0.000113
20á 0.000153 0.000694
409 0.000153 0.000588
71à 0.000153 0.000694
410 0.000153 0.000588
35à 0.000153 0.000694
411 0.000153 0.000588
412 0.000153 0.000482
420110 0.000306 0.001389
413 0.000153 0.000588
þãî 0.000153 0.000694
çàïàäíàÿ 0.000153 0.000694
414 0.000153 0.000588
àéâàçîâñêîãî 0.000153 0.000694
415 0.000153 0.000588
33á 0.000153 0.000694
416 0.000153 0.000526
420083 0.000153 0.000694
ôèêðÿòà 0.000153 0.000694
òàáååâà 0.000153 0.000694
417 0.000153 0.000526
423582 0.000153 0.000694
94à 0.000153 0.000694
418 0.000153 0.000588
419 0.000153 0.000588
ëèòâèíîâà 0.000153 0.000694
420 0.000153 0.000482
421 0.000153 0.000588
422 0.000153 0.000588
423 0.000153 0.000526
þ 0.000153 0.000694
424 0.000153 0.000588
áàòûðøèíà 0.000153 0.000694
425 0.000153 0.000588
36à 0.000306 0.001389
426 0.000153 0.000588
427 0.000153 0.000588
428 0.000153 0.000588
ïèîíåðñêàÿ 0.000153 0.000694
429 0.000153 0.000588
430 0.000153 0.000588
431 0.000153 0.000588
ëÿäîâà 0.000153 0.000694
432 0.000153 0.000588
êîïûëîâà 0.000306 0.001389
433 0.000153 0.000588
øóëüãèíà 0.000153 0.000694
434 0.000153 0.000588
ãàðèôüÿíîâà 0.000153 0.000694
435 0.000153 0.000588
101à 0.000153 0.000694
436 0.000153 0.000588
437 0.000153 0.000526
438 0.000153 0.000588
439 0.000153 0.000588
440 0.000153 0.000588
441 0.000153 0.000588
442 0.000153 0.000588
212â 0.000153 0.000694
443 0.000153 0.000588
444 0.000153 0.000588
445 0.000153 0.000588
àõòÿìîâà 0.000153 0.000694
446 0.000153 0.000588
420105 0.000153 0.000694
áðàòñêàÿ 0.000153 0.000694
447 0.000153 0.000588
448 0.000153 0.000526
449 0.000153 0.000588
450 0.000153 0.000588
451 0.000153 0.000694
23á 0.000153 0.000694
452 0.000153 0.000694
ãàðèôà 0.000153 0.000694
àõóíîâà 0.000153 0.000694
453 0.000153 0.000588
ßïååâà 0.000153 0.000694
454 0.000153 0.000694
455 0.000153 0.000694
456 0.000153 0.000694
39à 0.000153 0.000694
457 0.000153 0.000694
458 0.000153 0.000694
100à 0.000153 0.000694
459 0.000153 0.000694
ßêòû 0.000153 0.000694
þë 0.000153 0.000694
460 0.000153 0.000694
420132 0.000153 0.000694
461 0.000153 0.000588
462 0.000153 0.000588
463 0.000153 0.000694
äàâëèêååâñêàÿ 0.000153 0.000694
464 0.000153 0.000694
465 0.000153 0.000694
466 0.000153 0.000694
467 0.000153 0.000694
àáóëëû 0.000153 0.000694
áè÷óðèíà 0.000153 0.000694
468 0.000153 0.000694
âàãàïîâà 0.000153 0.000694
469 0.000153 0.000588
470 0.000153 0.000694
æóêîâñêîãî 0.000153 0.000694
471 0.000153 0.000694
420081 0.000153 0.000694
êàìàëååâà 0.000153 0.000694
472 0.000153 0.000694
473 0.000153 0.000694
474 0.000153 0.000694
íîêñèíñêèé 0.000153 0.000694
475 0.000153 0.000694
476 0.000153 0.000694
477 0.000153 0.000694
478 0.000153 0.000694
56à 0.000153 0.000694
479 0.000153 0.000694
íà÷àëüíàÿ 0.000153 0.000694
ïðàêòè÷åñêîé 0.000153 0.000694
ïîäãîòîâêè 0.000153 0.000694
ãîñóäàðñòâåííîé 0.000153 0.000694
èòîãîâîé 0.000153 0.000694
àòòåñòàöèè 0.000153 0.000694
äîïîëíèòåëüíûì 0.000153 0.000694
îáðàçîâàòåëüíûì 0.000153 0.000694
ïðîãðàììàì 0.000306 0.001389
îñíîâíûì 0.000153 0.000694
ïðîôåññèîíàëüíîãî 0.001987 0.009025
îáó÷åíèÿ 0.000153 0.000694
ñîçäàí 0.000306 0.001389
ãîäó 0.000153 0.000694
îñíîâàíèè 0.000153 0.000694
óòâåðäèòåëüíîé 0.000153 0.000694
ãðàìîòû 0.000153 0.000694
óñòàâà 0.000153 0.000694
ïîäïèñàííûõ 0.000153 0.000694
íîÿáðÿ 0.000153 0.000694
èìïåðàòîðîì 0.000153 0.000694
àëåêñàíäðîì 0.000153 0.000694
i 0.000153 0.000328
êàê 0.000306 0.001389
èìïåðàòîðñêèé 0.000153 0.000694
êîòîðûé 0.000153 0.000694
ïîñòàíîâëåíèåì 0.000153 0.000694
öåíòðàëüíîãî 0.000306 0.001389
èñïîëíèòåëüíîãî 0.000306 0.001389
êîìèòåòà 0.000306 0.001389
ñññð 0.000153 0.000694
ÿíâàðÿ 0.000153 0.000694
1924 0.000153 0.000694
ðåøåíèåì 0.000153 0.000694
ïðåçèäèóìà 0.000153 0.000694
âñåðîññèéñêîãî 0.000153 0.000694
ñîâåòîâ 0.000153 0.000694
ðàáî÷èõ 0.000153 0.000694
êðåñòüÿíñêèõ 0.000153 0.000694
êðàñíîàðìåéñêèõ 0.000153 0.000694
äåïóòàòîâ 0.000153 0.000694
èþíÿ 0.000153 0.000694
1925 0.000153 0.000694
ïåðåèìåíîâàí 0.000306 0.001389
ãîñóäàðñòâåííûé 0.001987 0.009025
èìåíè 0.000764 0.003471
óëüÿíîâà 0.000764 0.003471
óêàçîì 0.000306 0.001389
ïðåçèäåíòà 0.000306 0.001389
îò 0.000917 0.004166
èþëÿ 0.000458 0.002083
1996 0.000153 0.000482
1112 0.000153 0.000694
âêëþ÷åí 0.000153 0.000694
ñâîä 0.000153 0.000694
îñîáî 0.000153 0.000694
öåííûõ 0.000153 0.000694
îáúåêòîâ 0.000153 0.000694
êóëüòóðíîãî 0.000153 0.000694
íàñëåäèÿ 0.000153 0.000694
íàðîäîâ 0.000153 0.000694
2003 0.000153 0.000526
âíåñåí 0.000153 0.000694
åäèíûé 0.000153 0.000694
ðååñòð 0.000153 0.000694
þðèäè÷åñêèõ 0.000153 0.000694
ëèö 0.000153 0.000694
ñîîòâåòñòâèè 0.000153 0.000694
2009 0.000153 0.00042
1172 0.000153 0.000694
ñîçäàíèè 0.000153 0.000694
ôåäåðàëüíûõ 0.000306 0.001389
óíèâåðñèòåòîâ 0.000153 0.000694
ñåâåðî 0.000153 0.000694
çàïàäíîì 0.000153 0.000694
ïðèâîëæñêîì 0.000153 0.000694
óðàëüñêîì 0.000153 0.000694
äàëüíåâîñòî÷íîì 0.000153 0.000694
îêðóãàõ 0.000153 0.000694
ðàñïîðÿæåíèåì 0.000153 0.000694
ïðàâèòåëüñòâà 0.000153 0.000694
àïðåëÿ 0.000306 0.001389
2010 0.000153 0.00042
500 0.000153 0.000482
èçìåíåí 0.000153 0.000694
òèï 0.000153 0.000694
ôåäåðàëüíîå 0.000611 0.002777
êîòîðîå 0.000153 0.000694
ïðèêàçîì 0.000458 0.002083
ìèíèñòåðñòâà 0.000458 0.002083
2015 0.000153 0.000315
714 0.000153 0.000694
ïåðåèìåíîâàíî 0.000153 0.000694
ôåâðàëÿ 0.000153 0.000694
2011 0.000153 0.000482
ðåîðãàíèçîâàíî 0.000153 0.000694
ôîðìå 0.000306 0.001389
ïðèñîåäèíåíèÿ 0.000306 0.001389
íåìó 0.000306 0.001389
òàòàðñêèé 0.000306 0.001389
ãóìàíèòàðíî 0.000306 0.001389
ýêîíîìè÷åñêèé 0.000306 0.001389
2012 0.000153 0.000397
ðåîðãàíèçîâàí 0.000153 0.000694
áþäæåòíîãî 0.000306 0.001389
êàìñêàÿ 0.000306 0.001389
ãîñóäàðñòâåííàÿ 0.000306 0.001389
èíæåíåðíî 0.000306 0.001389
ýêîíîìè÷åñêàÿ 0.000306 0.001389
àêàäåìèÿ 0.000306 0.001389
êà÷åñòâå 0.000153 0.000694
ñòðóêòóðíîãî 0.000153 0.000694
ïîäðàçäåëåíèÿ 0.000153 0.000694
ÿâëÿåòñÿ 0.000153 0.000694
ïðàâîïðååìíèêîì 0.000153 0.000694
2023 0.000153 3e-06
